399
-0.032636
-0.032472
-0.032308
-0.032144
-0.031980
-0.031816
-0.031652
-0.031488
-0.031324
-0.031160
-0.030996
-0.030832
-0.030668
-0.030504
-0.030340
-0.030176
-0.030012
-0.029848
-0.029684
-0.029520
-0.029356
-0.029192
-0.029028
-0.028864
-0.028700
-0.028536
-0.028372
-0.028208
-0.028044
-0.027880
-0.027716
-0.027552
-0.027388
-0.027224
-0.027060
-0.026896
-0.026732
-0.026568
-0.026404
-0.026240
-0.026076
-0.025912
-0.025748
-0.025584
-0.025420
-0.025256
-0.025092
-0.024928
-0.024764
-0.024600
-0.024436
-0.024272
-0.024108
-0.023944
-0.023780
-0.023616
-0.023452
-0.023288
-0.023124
-0.022960
-0.022796
-0.022632
-0.022468
-0.022304
-0.022140
-0.021976
-0.021812
-0.021648
-0.021484
-0.021320
-0.021156
-0.020992
-0.020828
-0.020664
-0.020500
-0.020336
-0.020172
-0.020008
-0.019844
-0.019680
-0.019516
-0.019352
-0.019188
-0.019024
-0.018860
-0.018696
-0.018532
-0.018368
-0.018204
-0.018040
-0.017876
-0.017712
-0.017548
-0.017384
-0.017220
-0.017056
-0.016892
-0.016728
-0.016564
-0.016400
-0.016236
-0.016072
-0.015908
-0.015744
-0.015580
-0.015416
-0.015252
-0.015088
-0.014924
-0.014760
-0.014596
-0.014432
-0.014268
-0.014104
-0.013940
-0.013776
-0.013612
-0.013448
-0.013284
-0.013120
-0.012956
-0.012792
-0.012628
-0.012464
-0.012300
-0.012136
-0.011972
-0.011808
-0.011644
-0.011480
-0.011316
-0.011152
-0.010988
-0.010824
-0.010660
-0.010496
-0.010332
-0.010168
-0.010004
-0.009840
-0.009676
-0.009512
-0.009348
-0.009184
-0.009020
-0.008856
-0.008692
-0.008528
-0.008364
-0.008200
-0.008036
-0.007872
-0.007708
-0.007544
-0.007380
-0.007216
-0.007052
-0.006888
-0.006724
-0.006560
-0.006396
-0.006232
-0.006068
-0.005904
-0.005740
-0.005576
-0.005412
-0.005248
-0.005084
-0.004920
-0.004756
-0.004592
-0.004428
-0.004264
-0.004100
-0.003936
-0.003772
-0.003608
-0.003444
-0.003280
-0.003116
-0.002952
-0.002788
-0.002624
-0.002460
-0.002296
-0.002132
-0.001968
-0.001804
-0.001640
-0.001476
-0.001312
-0.001148
-0.000984
-0.000820
-0.000656
-0.000492
-0.000328
-0.000164
0.000000
0.000164
0.000328
0.000492
0.000656
0.000820
0.000984
0.001148
0.001312
0.001476
0.001640
0.001804
0.001968
0.002132
0.002296
0.002460
0.002624
0.002788
0.002952
0.003116
0.003280
0.003444
0.003608
0.003772
0.003936
0.004100
0.004264
0.004428
0.004592
0.004756
0.004920
0.005084
0.005248
0.005412
0.005576
0.005740
0.005904
0.006068
0.006232
0.006396
0.006560
0.006724
0.006888
0.007052
0.007216
0.007380
0.007544
0.007708
0.007872
0.008036
0.008200
0.008364
0.008528
0.008692
0.008856
0.009020
0.009184
0.009348
0.009512
0.009676
0.009840
0.010004
0.010168
0.010332
0.010496
0.010660
0.010824
0.010988
0.011152
0.011316
0.011480
0.011644
0.011808
0.011972
0.012136
0.012300
0.012464
0.012628
0.012792
0.012956
0.013120
0.013284
0.013448
0.013612
0.013776
0.013940
0.014104
0.014268
0.014432
0.014596
0.014760
0.014924
0.015088
0.015252
0.015416
0.015580
0.015744
0.015908
0.016072
0.016236
0.016400
0.016564
0.016728
0.016892
0.017056
0.017220
0.017384
0.017548
0.017712
0.017876
0.018040
0.018204
0.018368
0.018532
0.018696
0.018860
0.019024
0.019188
0.019352
0.019516
0.019680
0.019844
0.020008
0.020172
0.020336
0.020500
0.020664
0.020828
0.020992
0.021156
0.021320
0.021484
0.021648
0.021812
0.021976
0.022140
0.022304
0.022468
0.022632
0.022796
0.022960
0.023124
0.023288
0.023452
0.023616
0.023780
0.023944
0.024108
0.024272
0.024436
0.024600
0.024764
0.024928
0.025092
0.025256
0.025420
0.025584
0.025748
0.025912
0.026076
0.026240
0.026404
0.026568
0.026732
0.026896
0.027060
0.027224
0.027388
0.027552
0.027716
0.027880
0.028044
0.028208
0.028372
0.028536
0.028700
0.028864
0.029028
0.029192
0.029356
0.029520
0.029684
0.029848
0.030012
0.030176
0.030340
0.030504
0.030668
0.030832
0.030996
0.031160
0.031324
0.031488
0.031652
0.031816
0.031980
0.032144
0.032308
0.032472
0.032636
